       46.993282
       86.769778
      100.54005
      104.54853
      174.36573
      190.07428
      196.50447
      211.44687
      216.57802
      221.41551
      224.95686
      229.28505
      230.20842
      232.09625
      237.13655
      237.36415
      247.74522
      252.02217
      253.99288
      254.20341
      256.56875
      265.52786
      274.9285
      275.80831
      276.68554
      277.43724
      278.17247
      285.59349
      292.88342
      296.26715
      298.50694
      318.51339
      321.3662
      322.04467
      323.31167
      338.07606
      340.45026
      342.89112
      345.42567
      353.81571
      357.07023
      371.29614
      376.06258
      377.50001
      383.63211
      387.66157
      392.98599
      397.07251
      402.8268
      409.19892
                
