     0.00000774
     0.00015567
     0.00015567
     0.00041269
     0.00059533
     0.00059533
     0.00038262
     0.00066892
     0.00066892
     0.00114519
     0.00146996
     0.00146996
     0.00011325
     0.00018311
     0.00018311
    -0.00097044
    -0.00121401
    -0.00121401
     0.00202471
     0.00224039
     0.00224039
    -0.00192284
    -0.00183792
    -0.00183792
     0.00197000
     0.00218985
     0.00218985
     0.00451487
     0.00449061
     0.00449061
     0.00242313
     0.00233321
     0.00233321
     0.00493583
     0.00493754
     0.00493754
